,nigeria_states,x,y
0,Lagos,-265.0,-139.0
1,Ogun,-285.0,-106.0
2,Oyo,-270.0,-44.0
3,Osun,-216.0,-77.0
4,Ekiti,-171.0,-72.0
5,Ondo,-172.0,-109.0
6,Edo,-163.0,-138.0
7,Delta,-148.0,-191.0
8,Bayelsa,-137.0,-227.0
9,Rivers,-73.0,-245.0
10,Akwa Ibom,-18.0,-245.0
11,Cross River,10.0,-190.0
12,Ebonyi,-25.0,-148.0
13,Enugu,-59.0,-129.0
14,Abia,-45.0,-186.0
15,Imo,-81.0,-191.0
16,Anambra,-88.0,-146.0
17,Kogi,-95.0,-74.0
18,Kwara,-263.0,15.0
19,Benue,9.0,-89.0
20,Taraba,105.0,-57.0
21,Nassarawa,-20.0,-30.0
22,Abuja,-75.0,-7.0
23,Niger,-180.0,43.0
24,Kebbi,-245.0,135.0
25,Kaduna,-45.0,78.0
26,Plateau,47.0,14.0
27,Adamawa,205.0,26.0
28,Sokoto,-184.0,239.0
29,Zamfara,-136.0,160.0
30,Kastina,-53.0,198.0
31,Kano,-12.0,155.0
32,Jigawa,50.0,184.0
33,Bauchi,61.0,83.0
34,Gombe,136.0,95.0
35,Yobe,157.0,174.0
36,Borno,244.0,150.0
